G;13;Peter;1;0;65;
T;1;Peter;0;0;0;Vial1;My Fake Maldi Tray;
W;256;
S;;1.000;
C;1.0;8;Vial 1-1;262210;0;0;0;1;0;0;
C;1.0;4;;262162;0;0;0;1;0;0;
C;2.0;8;Vial 1-1;262210;0;0;0;1;0;0;
C;2.0;4;;262162;1;0;0;1;0;0;
C;3.0;8;Vial 1-1;262210;0;0;0;1;0;0;
C;3.0;4;;262162;2;0;0;1;0;0;
C;4.0;8;Vial 1-1;262210;0;0;0;1;0;0;
C;4.0;4;;262162;3;0;0;1;0;0;
C;5.0;8;Vial 1-1;262210;0;0;0;1;0;0;
C;5.0;4;;262162;4;0;0;1;0;0;
C;6.0;8;Vial 1-1;262210;0;0;0;1;0;0;
C;6.0;4;;262162;5;0;0;1;0;0;
C;7.0;8;Vial 1-1;262210;0;0;0;1;0;0;
C;7.0;4;;262162;6;0;0;1;0;0;
C;8.0;8;Vial 1-1;262210;0;0;0;1;0;0;
C;8.0;4;;262162;7;0;0;1;0;0;
C;9.0;8;Vial 1-1;262210;0;0;0;1;0;0;
C;9.0;4;;262162;8;0;0;1;0;0;
C;10.0;8;Vial 1-1;262210;0;0;0;1;0;0;
C;10.0;4;;262162;9;0;0;1;0;0;
C;11.0;8;Vial 1-1;262210;0;0;0;1;0;0;
C;11.0;4;;262170;10;0;0;1;1;0;
C;10.0;8;Vial 1-2;262210;0;0;0;1;0;0;
C;10.0;4;;262162;0;0;0;1;0;0;
C;9.0;8;Vial 1-2;262210;0;0;0;1;0;0;
C;9.0;4;;262162;1;0;0;1;0;0;
C;8.0;8;Vial 1-2;262210;0;0;0;1;0;0;
C;8.0;4;;262162;2;0;0;1;0;0;
C;7.0;8;Vial 1-2;262210;0;0;0;1;0;0;
C;7.0;4;;262162;3;0;0;1;0;0;
C;6.0;8;Vial 1-2;262210;0;0;0;1;0;0;
C;6.0;4;;262162;4;0;0;1;0;0;
C;5.0;8;Vial 1-2;262210;0;0;0;1;0;0;
C;5.0;4;;262162;5;0;0;1;0;0;
C;4.0;8;Vial 1-2;262210;0;0;0;1;0;0;
C;4.0;4;;262162;6;0;0;1;0;0;
C;3.0;8;Vial 1-2;262210;0;0;0;1;0;0;
C;3.0;4;;262162;7;0;0;1;0;0;
C;2.0;8;Vial 1-2;262210;0;0;0;1;0;0;
C;2.0;4;;262162;8;0;0;1;0;0;
C;1.0;8;Vial 1-2;262210;0;0;0;1;0;0;
C;1.0;4;;262162;9;0;0;1;0;0;
C;0.0;8;Vial 1-2;262210;0;0;0;1;0;0;
C;0.0;4;;262170;10;0;0;1;1;0;
W;1024;
S;;1.000;
C;1.0;1;SAMPLE;262210;0;0;0;1;0;0;
C;1.0;4;;262170;0;0;0;1;1;0;
